# a protein structure network downloaded from 
# http://www.weizmann.ac.il/mcb/UriAlon/
# the nodes correspond to secondary-structure elements of protein 1A4J.
1 2 2
1 3 2
1 10 2
1 11 2
1 12 2
2 3 2
2 8 2
2 10 2
2 12 2
3 7 2
3 8 2
3 11 2
4 5 2
4 9 2
4 10 2
5 6 2
5 10 2
5 28 2
5 35 2
5 36 2
6 7 2
7 8 2
7 9 2
8 9 1
9 10 2
10 11 1
10 12 2
11 12 2
11 28 2
11 29 2
12 13 2
12 20 2
12 28 2
13 14 2
13 16 2
13 17 2
13 20 2
13 22 2
14 15 2
14 16 1
14 23 2
14 37 2
14 39 2
15 16 2
15 21 2
16 19 2
16 20 2
16 21 1
17 18 2
17 21 2
17 22 1
17 23 2
18 19 2
19 20 2
19 41 2
20 21 2
21 74 2
22 23 1
24 25 2
24 26 2
24 35 2
24 36 2
25 26 2
25 33 2
25 34 2
25 36 1
26 32 2
26 33 2
26 35 2
27 28 2
27 34 2
28 29 2
28 34 2
29 30 1
30 31 2
31 32 1
31 33 1
32 33 2
33 36 2
34 36 2
35 36 2
36 43 2
37 43 2
37 46 2
38 44 2
39 42 2
39 43 2
39 44 1
40 41 2
40 42 2
40 45 2
40 46 2
40 47 2
41 42 2
41 43 2
42 43 2
43 44 2
43 45 2
44 45 2
45 46 1
45 47 2
46 47 2
48 49 2
48 50 2
48 57 2
48 58 2
48 59 2
49 50 2
49 55 2
49 57 2
49 59 2
50 54 2
50 55 2
50 58 2
51 52 2
51 56 2
51 57 2
52 53 2
52 57 2
52 76 2
52 83 2
52 84 2
53 54 2
54 55 2
54 56 2
55 56 1
56 57 2
57 58 1
57 59 2
58 59 2
58 76 2
58 77 2
59 60 2
59 67 2
59 76 2
60 61 2
60 63 2
60 64 2
60 67 2
60 69 2
61 62 2
61 63 1
61 70 2
61 85 2
61 87 2
62 63 2
62 68 2
63 67 2
63 68 1
64 65 2
64 68 2
64 69 1
64 70 2
65 66 2
65 69 2
66 67 2
66 89 2
67 68 2
69 70 1
71 72 2
71 73 2
71 74 2
71 83 2
71 84 2
72 73 2
72 81 2
72 82 2
72 84 2
73 74 2
73 80 2
73 81 2
73 83 2
73 84 2
74 75 2
74 80 2
74 81 2
74 82 2
75 76 2
75 82 2
76 77 2
76 82 2
77 78 1
77 79 2
78 79 2
79 80 1
79 81 2
80 81 2
81 84 2
82 84 2
83 84 2
85 87 2
85 91 2
85 93 2
85 94 2
85 95 2
86 92 2
87 90 2
87 91 2
87 92 2
88 89 2
88 90 2
88 93 2
88 94 2
88 95 2
89 90 2
89 91 2
90 91 2
91 92 2
91 93 2
92 93 2
93 94 1
93 95 1
94 95 2
